// Generated LUT Arrays for STM32
// Copy these into your main.c file

uint32_t Piano_LUT[NS] = {
     2047,  2164,  1980,  2100,  2058,  2078,  2044,  2139,  2062,  2077,
     2067,  2051,  2008,  2404,  2073,  1768,  2042,  2045,  2012,  2058,
     2003,  2100,  1521,  2044,  2303,  2050,  3034,  1587,  1747,  1834,
     2294,  2259,  1515,  2207,  1942,  2070,  2024,  2079,  1780,  1899,
     1947,  2061,  2232,  1784,  2126,  1901,  2875,  2042,  2090,  2065,
     2056,  2035,  1969,  2037,  2770,  1940,  2405,  1772,  1937,  1992,
     1135,  1909,  1636,  2051,  1674,  2025,  2167,  2058,  2032,  2014,
     1855,  2130,  1970,  2080,  1739,  2514,  2224,  2025,  2352,  2241,
     2054,  2107,  2013,  2057,  2052,  2033,  2237,  2064,  2077,  1918,
     1860,  2030,  1996,  2247,  2049,  2127,  2414,  2031,  2109,  2065,
     2084,  2040,  1667,  1861,  1925,  2032,  2178,  2128,  2009,  2020,
     1838,  2188,  2037,  2078,  1985,  2058,  2080,  2044,  1926,  1862,
     1624,  1615,  2097,  2263,  2043,  2104,  1956,  2047
};

uint32_t Guitar_LUT[NS] = {
     2047,  2249,  2365,  2161,  2264,  1943,  1855,  2243,  1994,  2114,
     2067,  2029,  2067,  2204,  1756,  2062,  2042,  2076,  1786,  2470,
     1928,  1929,  2512,  1849,  1767,  2041,  2020,  2053,  2037,  2026,
     1958,  2059,  2052,  1991,  2007,  2136,  1880,  2176,  1984,  2034,
     1892,  2063,  2061,  2061,  2055,  1932,  2137,  2041,  1901,  1906,
     2283,  1866,  2311,  1964,  1887,  2319,  1993,  2159,  2086,  1782,
     1980,  2141,  2845,  2014,  1876,  2121,  2142,  2256,  2221,  2379,
     1682,  2340,  2089,  2020,  2078,  2062,  2374,  1909,  2061,  2054,
     2157,  2166,  1792,  2154,  2084,  1670,  1982,  1729,  2095,  2083,
     2038,  2034,  1960,  1918,  2090,  2046,  2379,  1833,  2352,  1851,
     2154,  1861,  2378,  2469,  1987,  2049,  2017,  2053,  2138,  1907,
     2055,  2046,  1677,  2183,  2051,  2007,  2241,  1999,  2003,  1736,
     2088,  1786,  2368,  1935,  1695,  2595,  2065,  2045
};

uint32_t Drum_LUT[NS] = {
     2047,  3346,  1883,  2120,  2069,  3380,  1914,  1944,  2087,  2496,
     2028,  2028,  2035,  2013,  1461,  1852,  2090,  2024,  2047,  2060,
     2048,  2084,  2043,  2027,  2135,  1849,  2066,  2052,  2181,  2034,
     3000,  1260,  1485,  2104,  2430,  2106,  1784,  2054,  2029,  2039,
     4090,  1893,  2038,  2041,  2305,  2272,  1811,  1997,  2173,  2061,
     2013,  2048,   764,  2414,  2084,  2074,    33,  2225,  2033,  2026,
     2165,  2050,  2911,  2392,  4081,  1985,  2277,  2033,  2626,  2693,
     2061,  2100,  1798,  2013,  2088,  2046,  2686,  1901,  2049,  2074,
     2005,  2057,  2039,  2047,  2183,  2056,  2067,  2047,  2898,  2063,
     2020,  2077,  2004,  2054,  1776,  2037,   791,  2279,  1969,  2035,
     2041,  2041,  2088,  2040,  1706,  2058,  2062,  2030,  2050,  2409,
     2147,  2232,  2126,  2044,  2039,  1727,  2146,  2409,  2132,  4094,
     2149,  2011,  2042,  1633,  1970,   513,  2520,  2047
};

